1.27161199 6.09736010
2.43808534 5.16975251
2.28294302 4.71238898
0.70350731 2.02815986
1.57079633 5.57103861
2.79086874 1.03112307
0.35072391 4.17271572
2.42944596 0.00000000
1.39331380 4.40826536
1.86998067 2.95576745
1.86998067 6.09736010
0.35072391 2.11046958
0.71214669 3.14159265
1.57079633 2.42944596
2.28294302 1.57079633
2.19002169 0.35842082
1.74827886 4.40826536
1.27161199 2.95576745
2.43808534 1.11343280
0.35072391 1.03112307
1.86048608 2.22136781
2.19002169 3.50001347
2.19002169 2.78317184
0.70350731 1.11343280
0.85864963 1.57079633
1.86048608 0.92022485
1.39331380 1.26667270
1.28110658 5.36296046
1.28110658 4.06181750
1.86998067 3.32741786
2.19002169 5.92476449
2.79086874 4.17271572
1.27161199 0.18582521
1.86048608 5.36296046
1.28110658 2.22136781
2.43808534 2.02815986
1.86048608 4.06181750
1.39331380 5.01651260
2.43808534 4.25502545
2.79086874 5.25206224
1.74827886 1.87491995
2.42944596 3.14159265
0.71214669 0.00000000
0.85864963 4.71238898
1.57079633 0.71214669
0.35072391 5.25206224
0.95157096 3.50001347
1.74827886 1.26667270
0.95157096 5.92476449
0.95157096 0.35842082
1.74827886 5.01651260
1.28110658 0.92022485
0.70350731 5.16975251
1.57079633 3.85373935
0.70350731 4.25502545
1.39331380 1.87491995
2.79086874 2.11046958
0.95157096 2.78317184
1.27161199 3.32741786
1.86998067 0.18582521
0.95532342 0.78539816
1.57079633 5.91832423
0.95532342 3.92699082
1.93565741 4.71238898
2.77673157 3.14159265
1.20593525 1.57079633
2.18626923 5.49778714
2.77673157 0.00000000
0.36486108 0.00000000
0.95532342 2.35619449
1.93565741 1.57079633
1.57079633 2.77673157
1.57079633 3.50645373
0.95532342 5.49778714
2.18626923 3.92699082
1.20593525 4.71238898
2.18626923 2.35619449
0.36486108 3.14159265
2.18626923 0.78539816
1.57079633 0.36486108
