0.898682771 5.191483901 
0.392019424 3.050635153 
0.460369533 2.492458313 
1.561465428 0.409927742 
2.467895769 4.559072792 
0.979016308 4.371410778 
1.684001004 3.659540404 
0.049940911 0.300464657 
0.465351186 6.057253901 
0.777700744 1.353577878 
2.136733923 2.979669417 
2.320789996 2.784210416 
1.265619296 1.484256229 
2.410831575 3.773240977 
2.297373674 3.471358467 
0.839019977 3.780829717 
0.778718430 4.915152723 
0.918939085 0.853271134 
1.346551759 6.034805502 
2.564315723 5.322936012 
1.159978898 0.440505846 
0.517504729 5.563552895 
1.806503822 5.260188631 
1.805289401 5.870108972 
0.688774709 6.196435335 
0.987542692 2.468247269 
1.611073792 4.247445568 
1.754612729 0.055342364 
2.232053503 0.431633297 
2.166135507 3.754879973 
0.923736504 0.565993661 
1.303528786 3.961608858 
0.821449766 3.426715892 
0.401934104 3.745187338 
1.227316904 3.151781900 
1.226104552 2.420863798 
0.910834786 5.986054645 
1.486486761 3.795579893 
1.186861830 1.212719675 
1.137059502 5.141876703 
0.633171298 2.824171225 
1.762057966 0.280160309 
2.059127356 3.507766825 
1.863052334 2.182465424 
1.376845794 5.106324266 
2.709343630 0.574610878 
1.591196984 5.707621335 
1.347605162 0.003877256 
2.620433008 0.079027633 
0.882170375 4.096945558 
2.333339115 1.585561225 
3.067244983 5.520850228 
1.586721986 2.579449166 
2.447696013 1.263872444 
2.054214400 0.863129263 
1.729663903 2.384995780 
1.545526041 4.025286395 
2.639271108 4.879485112 
1.619009177 3.448011548 
2.247475104 4.695116070 
2.423795046 5.636541881 
2.178310901 4.995477645 
1.115375886 2.195588033 
1.573341479 5.946595435 
1.522175033 5.285280852 
0.517240443 1.282907408 
1.367967908 4.204813071 
1.493628869 1.961679986 
1.040098911 2.970627085 
1.664154766 3.226381840 
1.629584507 1.348501458 
2.461847286 4.143555338 
2.529152252 3.394023728 
0.285780711 0.287723470 
1.033425106 1.417302671 
1.759757708 1.538551230 
1.982586575 1.957312923 
2.345911394 3.138152541 
1.960480008 5.453430845 
2.238004162 4.034221098 
1.349322807 2.628456106 
1.837353257 1.249713299 
1.649476897 5.082550318 
1.850750423 3.414882453 
0.419402089 5.026548325 
1.039481339 5.416225319 
2.100564620 1.663236038 
1.153767939 0.956022609 
1.356494406 2.176652761 
1.800186355 0.517259108 
1.990898832 3.948408670 
0.950853947 1.139172802 
2.648560093 3.796935512 
2.158754923 0.159543061 
2.821593497 1.812378246 
2.637776598 5.840480103 
1.144901362 0.701070493 
1.558187599 6.183639322 
1.419374286 3.305799552 
2.741433860 2.591554596 
1.017215464 3.269370178 
1.497806958 1.541890172 
2.014081811 4.800065218 
1.537232004 0.156858860 
1.490906242 2.825149991 
1.211610994 4.411789565 
1.198892128 5.610363981 
2.198281796 1.344236105 
1.844164188 4.633331376 
1.457645306 3.066784294 
2.062901574 4.513392291 
1.130686052 4.151130814 
1.860628018 2.595099109 
2.696105672 1.144286863 
2.473080308 0.483226606 
0.788004201 1.923012364 
2.490520963 2.526302996 
1.494869160 4.898769990 
0.271974758 1.226726049 
1.345602713 0.289005373 
1.874628899 1.740166350 
0.605425543 2.139584350 
1.815205520 5.634140227 
1.868305281 4.359712750 
0.593024016 4.696895514 
2.031436297 5.739549979 
1.118288388 2.691696135 
0.187900332 3.452690757 
2.547851441 2.935976797 
2.391023200 0.136353916 
1.975414259 0.010206701 
2.674772182 4.316245147 
2.111972270 3.252872840 
1.015922978 4.903704364 
2.361855647 2.213251510 
2.243061076 5.851953854 
0.917835356 0.000399090 
2.929939097 0.971558371 
0.783529120 5.486419979 
2.123259577 2.184224666 
2.080027059 2.692693594 
1.112770373 4.647116626 
1.789968970 6.103509973 
1.277273784 5.348937377 
1.250352532 4.890216532 
0.728735164 2.477656296 
1.983006843 0.323100059 
2.017924930 6.013866670 
1.024233968 3.588632177 
1.062295521 3.889085545 
0.231637636 2.277618292 
1.918396288 5.043404406 
1.667944000 4.473630937 
0.704563902 5.822136981 
0.876330513 2.748916746 
0.873497972 4.631608828 
1.135599958 1.697289027 
2.497028518 0.873517942 
1.349346675 4.666244903 
1.019803065 1.938446939 
2.194387479 5.529474031 
0.692438283 0.642520264 
1.592921209 0.650601143 
1.128242647 6.143893150 
1.238033855 3.713883916 
1.371806568 1.740725086 
2.412563387 4.952329206 
2.622104545 2.142182572 
0.637718411 1.653781652 
2.439593601 6.049252453 
2.271322117 0.725678898 
0.638113648 4.026659218 
0.519431373 0.281487428 
1.586636705 4.688391013 
2.033440026 0.593598018 
1.439502154 4.444572402 
2.213012227 1.910064626 
1.669904484 5.455518762 
1.211256790 3.430372387 
1.418322227 3.564655271 
0.957209014 5.693327882 
0.600841915 3.237240917 
2.442020412 1.886465733 
1.738088910 1.965124029 
2.751979222 3.216649951 
1.826293116 0.756417032 
1.607856582 2.176708204 
0.745053018 0.279671705 
1.156234218 0.132056962 
2.326554666 5.275833656 
1.910059550 3.699682701 
1.384794363 1.037387349 
1.467180037 2.383063096 
1.831760534 0.997146751 
2.213740885 6.160774591 
1.141398147 5.876430641 
2.599642013 1.593936930 
1.267499151 2.893159313 
0.875777098 2.213802051 
2.044381163 1.135871718 
2.269819780 1.035317263 
0.270167435 5.627699835 
2.056803183 4.213502847 
1.921339605 2.896579428 
0.418812342 1.829052422 
0.818947408 3.077371342 
0.234392747 4.582416842 
1.613161560 1.113464764 
1.899882280 3.157712848 
2.862475076 4.708139237 
1.372197003 0.798362702 
1.602654680 0.881802861 
1.978740909 1.444906836 
0.723620381 4.370956341 
1.250763266 1.954246818 
1.755726970 4.865527001 
2.891706459 3.812526645 
1.623536092 1.750832217 
2.850599224 6.244604057 
1.996925545 2.402575010 
1.408007949 1.284026418 
1.368150103 0.556611632 
1.740725875 3.890885099 
1.368658752 5.787343211 
0.451727223 4.321150573 
1.431786369 5.530022519 
1.692778328 3.001841153 
0.639421397 5.195408709 
2.234215028 2.478081213 
0.704074370 1.012344692 
2.978178998 2.609679287 
0.467416891 0.788629741 
2.799808841 5.445233174 
0.971909321 0.284871493 
2.268781927 4.362087610 
0.622247548 3.632088403 
2.081376638 5.242246329 
1.719397946 2.771447205 
0.898639251 1.645336934 
1.810739561 4.119148840 
