1.299878060 5.876547058 
2.116333703 2.794050524 
2.066722926 0.901633323 
1.025334671 1.582616813 
0.795100820 4.219166110 
2.782968592 0.906486799 
1.601571589 2.907895926 
1.746709741 1.682267079 
2.682211958 1.529184428 
2.091078453 0.579207820 
1.486116025 3.417754258 
1.517423151 2.450514201 
1.062371171 2.258996188 
2.115108772 4.090458567 
1.352530405 4.158068081 
2.030835026 4.366552160 
2.063729986 4.833048725 
0.903788733 5.670005530 
1.414955847 5.615147219 
1.112466360 5.125862371 
0.844416586 0.298661795 
2.299718169 3.863167337 
2.214484355 4.574667986 
1.843960309 5.811502752 
2.359255654 5.622272665 
2.153848269 1.398615296 
0.858679438 2.829221333 
1.324353401 0.569243925 
1.744444830 6.054827691 
1.008023996 3.337510445 
1.464561719 6.083048963 
1.216047255 3.912186419 
1.507041791 4.400896449 
1.354125771 2.247248600 
1.689675782 2.654045264 
0.380068975 1.639074352 
2.763795515 4.308586009 
2.680158301 2.186271538 
1.225859979 1.046626464 
2.454509692 0.081099027 
0.340966608 4.700896724 
0.908375550 6.227519611 
0.588506359 2.902527070 
1.805228967 3.119677077 
2.706955828 0.222659623 
0.345684086 3.142248897 
1.672740194 5.591795052 
0.434943925 0.932776014 
0.853457751 1.324165350 
0.383833638 3.906190098 
1.238903747 2.492382421 
2.001226397 1.632910001 
0.608821680 4.890146866 
2.348371652 2.934975649 
1.791101247 0.986734122 
1.337623658 2.947818919 
0.786889889 3.176406708 
1.382587821 4.649416325 
1.236266764 3.461855906 
2.801111118 5.897300978 
1.034269895 5.935751008 
0.698690834 0.976146941 
2.479571616 1.862980609 
1.159011944 5.639468564 
0.174816873 0.834435513 
0.959633845 1.018655078 
0.916570915 3.912235739 
1.712367764 1.938605238 
1.879551545 3.602412811 
2.000287962 3.348383665 
0.970321359 1.902871841 
0.559210736 4.380533464 
1.059053388 3.037313700 
0.599108849 1.388963266 
1.576656138 0.522508663 
1.105020815 0.763953398 
1.200845562 2.030405059 
1.862736767 4.118320737 
0.790973788 4.627468667 
0.642670720 3.888717269 
0.770077721 1.697471957 
2.302297385 0.377567897 
2.135335731 5.393317045 
2.513458530 4.505573420 
1.391925230 5.134022981 
2.628672781 4.935422282 
1.979458213 1.177329200 
0.855115914 0.672920264 
2.244016426 1.731007419 
1.192941319 6.152759275 
2.888387345 5.048141065 
2.529714700 1.047895602 
1.398390788 1.260881950 
1.373693903 0.057274797 
2.544741315 2.646937078 
2.124025614 5.741279964 
0.677115375 5.527382661 
2.363280157 4.850386886 
1.278810684 3.200725247 
2.543995961 4.006380264 
2.460316130 3.562425551 
1.862842164 0.725643221 
1.654960882 5.111679450 
1.299048435 0.314582381 
1.070616916 3.670808366 
0.387428147 0.228189953 
1.635366165 0.005744833 
1.848789983 1.417311674 
1.084406266 4.154249816 
1.749905206 3.877506899 
1.908919940 4.615848805 
1.799116143 5.337373997 
3.011089036 0.331795861 
0.460522082 5.304547074 
1.093940963 0.147890451 
0.814330490 2.161541270 
1.896376076 2.156778086 
2.325384813 4.258908285 
2.279721129 2.556542822 
1.828242784 0.469427708 
1.680145534 1.226958651 
1.491412935 1.722973667 
1.109630765 4.685833915 
2.567617897 3.150333040 
0.485456767 5.909382996 
0.744917343 5.953767713 
1.781183827 2.393677145 
2.096973041 2.333413453 
2.073329610 3.079939647 
1.549853905 0.272489133 
2.401910710 5.245507703 
1.248865251 4.412056325 
3.001419166 3.633972040 
1.930251366 5.119897148 
1.861980571 2.859422109 
2.734696467 3.593462010 
0.613876256 0.528368806 
1.453618480 1.977259377 
1.570973792 5.840534347 
2.285363155 3.280067308 
1.541690890 3.159116260 
1.764148531 4.381309305 
2.541479580 5.956253052 
1.526663859 4.880977475 
1.611645295 4.148861924 
1.367853475 3.688511299 
2.049982192 0.279000980 
2.026918806 6.021912420 
1.734917294 3.374614551 
1.795129073 4.875536748 
1.958823993 2.576598186 
0.991411784 4.431601483 
1.623838902 3.647332618 
2.175756257 5.096709280 
2.921211557 1.890008989 
1.647140675 4.638078465 
2.291688174 6.004732404 
0.588224903 1.978782262 
0.936487521 4.908500970 
1.362465903 0.818931679 
1.531319197 5.363027927 
1.613749747 0.770443611 
2.420123196 1.440249560 
1.066162415 0.463782340 
0.209404191 2.306687176 
2.199182000 2.053326487 
0.227092438 5.704156733 
0.570061549 3.428086821 
2.168551394 3.578058272 
2.191704041 0.025743033 
2.267432166 1.111470661 
2.800317449 2.833394471 
1.795563813 0.215219144 
1.261051046 4.901169844 
2.310325202 0.763465726 
1.493064513 3.916014187 
1.303055191 1.507373990 
2.619825092 5.464665781 
0.964725689 2.528797830 
2.010490396 3.831518362 
1.924936549 6.271099466 
0.815545821 3.572420762 
1.418819530 2.697077178 
0.457937113 2.423176679 
1.263232735 5.375841684 
1.573561485 1.470434817 
1.975819552 1.902084041 
2.533442472 0.577798510 
1.117868352 1.299230012 
0.990135257 5.377587804 
0.786235725 5.178129843 
1.617228655 2.188848501 
2.407903941 2.252844341 
1.516830889 1.026868365 
1.934271501 5.551737208 
0.641052076 0.059353213 
0.117749689 4.040424973 
0.707839997 2.495269042 
1.141435880 2.758442309 
1.231002064 1.764635788 
