1.379129550 5.738070812 
1.055654784 2.491872624 
2.761204857 0.734152918 
0.305355524 0.673588981 
2.374644350 4.366529530 
2.033064593 4.227696504 
0.672581980 3.170857332 
2.284676046 1.965772111 
2.421491374 0.468641103 
1.025426062 1.902107693 
1.420117457 3.105712252 
1.180090612 2.571104114 
1.093838266 1.754610681 
1.395877946 4.374023229 
2.010985793 4.768715072 
1.543377997 3.922126379 
1.778465132 5.377795043 
0.741653512 5.813151772 
1.609735715 5.699114365 
1.748842862 5.239911603 
1.493043878 0.695080995 
0.726029736 3.738138225 
2.528657152 4.691390356 
1.635332671 5.838097354 
1.360341954 5.116113309 
1.703941843 1.912326725 
2.550290790 4.930937198 
0.839190007 0.058149870 
0.661081691 0.743352808 
1.546499037 4.146344959 
1.417163740 0.575455071 
0.692679486 4.314590012 
1.501754616 3.319637247 
2.283835206 2.793321007 
1.590618549 3.533560058 
1.731055372 1.671637950 
1.825108540 4.998566328 
1.214467721 3.562133542 
0.661803824 1.200542378 
0.708159321 5.582569437 
1.719920019 3.493184360 
2.313624935 0.351051364 
0.344051619 4.557824826 
0.824700109 2.298844346 
2.168492093 4.215432797 
0.721276959 2.167552493 
1.010247234 4.907738717 
1.494636393 0.253937234 
1.341121386 0.459606850 
1.687422717 4.372663231 
2.558039380 3.521830167 
1.489102215 1.414173658 
1.188440894 2.718805516 
2.709100668 1.038497311 
1.725028784 1.059080655 
1.546167882 2.373744407 
1.670112294 3.894321128 
0.774220403 5.247892033 
2.084986633 3.503139335 
1.545103746 5.428654772 
1.405514290 5.876189219 
1.830242023 4.369061102 
1.536222305 2.110779411 
2.005333876 5.853536114 
2.116256598 5.212185654 
1.709435287 0.110257477 
1.319946073 4.487345851 
1.429510149 1.882630423 
0.957922724 3.716943350 
2.006138580 3.089353921 
1.437302589 1.293466525 
1.177843386 4.492734040 
2.409852178 2.712960423 
1.467520948 2.001846040 
2.408051692 1.985092724 
1.237358594 1.760100619 
2.470929610 2.165556103 
1.704401460 3.627032272 
2.190443619 4.961261568 
0.073624936 4.339323598 
1.595399861 1.657445866 
1.289608216 0.820577857 
2.228650792 5.121120162 
1.231316214 3.421428086 
2.055132043 4.915809366 
1.144028980 5.293202120 
2.065157263 1.182252268 
2.631392699 1.268827027 
2.868746701 2.096147229 
1.709384750 5.610353504 
1.406788054 4.150206595 
2.898787228 1.552708773 
1.030728724 1.197842689 
1.826588980 0.178272352 
1.678291556 1.543744657 
1.924789737 6.238184459 
2.308955076 0.160442927 
1.694054767 4.970926235 
2.270192347 2.965705724 
2.276866722 3.893159866 
0.592944590 2.240803540 
0.469120208 0.066124764 
1.347959095 4.975905041 
2.562761419 5.228171287 
1.564035299 2.908992273 
1.531247231 4.817834394 
2.779186603 4.974911862 
2.031248866 1.452339915 
1.331087066 4.744991679 
1.073294293 3.786713930 
2.879676947 3.166062628 
1.815659114 3.728659001 
2.040672569 2.632273666 
1.306499945 2.213032481 
2.524656265 0.612857570 
2.533311855 2.590089989 
0.769951161 1.081719361 
2.427461324 4.865712093 
1.551495961 3.051105897 
2.183647986 0.090992190 
3.013690612 3.161831737 
1.987179219 2.163051817 
1.275851596 5.337450776 
0.615919439 3.864404835 
0.891808215 4.494420024 
0.949295200 6.235131145 
1.305883037 2.629434540 
2.238807410 2.273294920 
2.027269365 2.937325303 
0.649712091 0.353052171 
2.723011413 4.261976545 
2.090343342 3.347626276 
2.070012007 3.656368133 
2.700602886 5.345995304 
2.604254362 2.152368879 
1.515423458 5.295387425 
1.451389383 6.274859264 
0.641060852 0.977565039 
1.067799209 5.545500218 
1.762385450 3.215201370 
1.921353569 2.708582725 
1.351065963 4.024604501 
0.739651662 0.188347497 
2.244679970 5.296026236 
1.120572061 5.001578945 
1.986756566 3.247551830 
1.207944277 0.037958765 
1.531341915 5.926393903 
2.641035049 2.973125569 
0.490161437 5.758428693 
1.014024482 3.220634447 
2.674387331 3.715959801 
0.740884846 3.948925663 
1.434485408 6.143491589 
0.827086832 4.333314737 
0.968762521 4.633089934 
1.897666843 1.437744526 
2.633082336 6.201186242 
1.895988708 4.493454790 
1.589110195 1.056161216 
1.202513883 5.571083879 
2.072151621 0.489023807 
2.255991474 1.806043099 
0.604186616 0.140631193 
0.357652442 3.580323631 
1.421357377 2.296725881 
1.619449896 5.204145517 
1.760605556 4.253674162 
2.644994383 3.987085999 
0.422404975 1.281048525 
2.652640106 0.521287066 
1.346414305 3.500906494 
2.029023271 6.153238694 
1.744561210 4.727505384 
1.015282401 0.265532969 
0.866774027 4.011158833 
2.399897300 1.370164937 
2.657614095 1.864105805 
1.915514491 2.855555116 
0.619648066 4.513965998 
0.583112201 6.188929997 
1.121125236 3.325749232 
2.376523359 2.325480512 
0.847989857 2.111606647 
2.280295908 4.841552421 
1.072280168 0.415131668 
1.550543096 2.505179416 
1.719568912 0.394467546 
1.615185029 0.464563501 
2.436755269 3.650825510 
2.593452093 3.236388156 
1.299739566 2.356016865 
2.284913675 2.618640209 
1.278817584 0.326387099 
1.983502312 5.171070232 
1.973786992 5.708277977 
2.326591264 1.667535350 
1.794590637 2.496803431 
0.893837737 1.930849609 
1.830322935 1.951586199 
1.515332262 0.928460262 
1.558425928 3.793171945 
1.617483809 4.259806325 
0.497313852 2.934132695 
1.583179129 0.047234296 
1.958833697 3.550308414 
2.802590932 3.543673384 
2.198786846 1.632223801 
1.311261478 3.020828903 
2.448973285 4.199748175 
1.486676159 0.454266186 
1.711141986 1.302267161 
1.699566174 0.560624235 
0.787739216 4.846471255 
2.119285656 1.321431519 
2.754956388 6.280728237 
1.340219224 5.606997550 
1.647909936 1.783834877 
1.456104089 1.048672759 
1.746736494 2.057362060 
2.204539583 1.181494775 
0.859360316 0.532528577 
0.766315824 2.992940360 
1.252670274 5.195644656 
2.297811304 4.523729043 
1.413483095 4.863351278 
1.657629718 3.130990098 
2.129116608 6.053525326 
0.689359346 1.790501241 
2.775640634 0.371733137 
0.495368225 2.061006287 
1.657413704 5.977076257 
1.955054871 0.395572773 
1.710028099 0.258583458 
0.622733934 3.387185667 
1.319558986 1.045516631 
1.145728082 4.867624903 
0.966310414 2.920981665 
0.440847686 0.604043231 
1.256594454 4.613889238 
1.801031789 2.636769390 
1.329223251 2.894412967 
1.777289654 2.210251554 
0.130299754 3.092618926 
0.340182039 2.455069882 
2.743158775 3.165399520 
1.002559984 0.541629846 
0.806143507 3.161121009 
2.155472337 2.868086987 
0.935940876 2.405460853 
0.916566992 4.791752950 
2.877268093 0.046776849 
1.300747598 2.493846427 
2.145209608 4.799737623 
0.995676442 3.387255848 
0.339790201 6.209786476 
0.556392739 1.803073506 
1.564636704 1.894191730 
0.576649186 0.562806048 
0.964781097 3.890946827 
1.351916989 0.696206120 
0.588228083 2.731949282 
2.514917793 4.405291189 
0.973649337 0.110659593 
2.331057413 2.147380897 
2.566955029 1.028297188 
2.490593915 1.217821969 
1.100699315 0.949605287 
1.936792877 5.565525970 
1.197516446 4.737039002 
2.765095177 1.369569753 
1.812492894 1.556839000 
1.556942118 2.636766474 
0.540385502 3.187727960 
1.801922714 6.171733873 
1.508826051 5.787265177 
1.208708064 2.131337011 
1.229634551 0.953391615 
1.574604931 1.297837532 
2.902307645 4.791849267 
0.823554421 2.676584457 
2.451618084 5.338497845 
0.791077210 0.371073326 
1.750583346 4.007269202 
0.210568326 1.590366862 
0.387309010 3.916584991 
0.370925580 0.306911478 
1.836435063 0.315829530 
0.887701922 4.971808004 
2.170916382 0.600784606 
1.942677117 3.694788808 
1.181218272 4.244199153 
1.062179997 2.645215965 
0.290999772 4.153847598 
1.211371536 3.999865100 
1.554968617 0.580580836 
1.619755770 2.013994391 
0.830186071 4.658061859 
1.993427044 0.798182715 
2.336627893 3.315287203 
1.846270535 3.451135027 
2.195212151 0.258360043 
1.888849606 5.940176475 
1.994524841 1.725456778 
2.851265083 1.060745085 
2.513297728 2.368853096 
0.292870906 4.957776924 
1.957130321 4.627264236 
1.944327196 1.575471489 
1.595037687 5.071617755 
1.588714540 0.336897032 
0.535513867 5.009858711 
1.186358639 3.037024248 
2.162746144 2.707115102 
1.665633978 2.297888903 
0.700615608 2.379579734 
0.358260388 5.808060505 
2.091563409 4.645073428 
1.821760124 4.612990872 
1.877825153 4.746971549 
0.837317623 1.451990936 
1.908845816 1.839276621 
0.169108406 5.271857537 
1.458120493 4.713906584 
1.094305365 2.940720883 
1.627003793 1.419731594 
2.623238858 0.795065846 
1.849978064 0.815017796 
1.817576247 0.033220298 
2.030934317 4.499832015 
1.128223508 5.147240710 
2.015481493 2.324277760 
2.366904134 4.036706334 
1.031089914 1.622228409 
0.515899523 4.031692743 
0.732527754 3.531204488 
0.430596042 4.827554926 
2.283707718 1.033956406 
2.159797926 6.212514153 
0.844715347 3.632592339 
0.932914287 0.392246537 
1.954756913 0.248412577 
1.190553701 3.848089725 
2.073280875 5.606778742 
2.253533657 5.791118517 
1.910956566 0.688820717 
1.212318609 0.694315240 
1.574689861 3.663761835 
2.354669880 5.205353559 
0.940612584 0.676964234 
2.389596868 5.762189065 
2.403046146 2.515626562 
0.891910782 1.617671555 
0.565336302 4.749603400 
1.084015448 3.631527295 
0.897943904 1.156925505 
1.900951668 3.003379934 
1.248215874 1.151447513 
2.779975450 2.828515108 
1.822717299 0.585778366 
2.015901535 5.991345520 
2.210127908 0.892418258 
1.149067906 0.294566378 
1.693267774 6.252729759 
2.530480575 2.817677210 
2.252273571 6.077073420 
1.447529397 2.830833849 
2.734983507 2.122480039 
1.104781926 4.364565745 
0.849409458 2.863826617 
1.921370965 3.838530028 
1.043005197 3.076716747 
1.086394793 3.948846999 
1.788596192 0.937885097 
1.102522814 3.479233356 
1.410971865 5.385719683 
1.917848515 2.562653669 
1.123696599 4.106630287 
0.815960252 2.488980569 
1.383533574 5.252147449 
0.864152941 3.451074712 
1.433683346 0.810394354 
0.714628266 0.535891718 
0.619650653 1.587694958 
1.159929242 1.878907451 
0.794465002 1.273941686 
1.724968459 5.104761663 
0.963808156 4.351691794 
2.142095080 1.042927772 
0.273868713 3.265763884 
0.493137692 3.739914297 
2.660254346 4.769364851 
1.238542533 5.042635266 
2.072416768 1.601807468 
1.807651926 5.517596423 
1.444474614 2.970938655 
2.199384000 2.099434466 
0.708675366 6.268676686 
0.368998002 2.879731048 
1.077274605 2.180211880 
2.649365091 5.686036982 
1.423452218 2.432047751 
1.319238982 6.230301934 
0.564133914 1.354082641 
1.238315445 5.705543219 
2.073052261 2.050728860 
1.028278560 5.802970438 
1.865495049 3.305839919 
1.511748857 1.768576240 
2.372921836 3.112414508 
0.905513415 5.328177201 
1.478348547 3.451965260 
0.244976282 2.765037763 
2.347960623 0.865951761 
1.008419286 0.847611325 
0.938246288 6.074665262 
2.588702448 4.217745880 
0.098441955 6.226449204 
0.931077495 1.320160462 
2.347786291 1.192483927 
2.110574188 2.217877205 
1.305081396 1.888683703 
2.178270083 3.771003889 
1.870685305 5.800018474 
2.142176247 3.929689922 
1.414974467 0.350114594 
2.428939173 0.249480686 
0.211186288 3.760127700 
0.701751659 6.049082183 
0.650553193 5.147340321 
1.326032195 4.258832187 
2.907206409 2.621649732 
1.274906824 0.574779761 
3.010821011 4.344463332 
3.135844701 0.050858279 
1.847200230 1.307223849 
1.282732550 3.153112688 
1.345463387 2.044905875 
1.257168022 1.513186953 
2.467567201 3.252456767 
1.969625478 3.403306197 
0.484127695 4.535563616 
1.876682108 5.276414408 
1.478953499 5.649818188 
1.951736347 1.999298769 
1.148484020 3.179786404 
0.949314148 2.745986733 
2.031619004 1.882607242 
2.575270164 5.473888039 
1.311051454 3.903298771 
1.373011774 1.758974145 
1.765085803 0.702899885 
0.592324150 5.949738606 
2.157951023 2.545574278 
1.688088081 3.760123782 
0.227238066 5.910658226 
1.634652549 3.268233859 
1.105447228 0.145507217 
2.212073306 3.443667576 
1.444820182 3.722546257 
0.199885683 4.532015756 
1.929410600 0.930190400 
0.956715184 1.766127656 
2.042828991 0.648684842 
2.440597488 3.443829933 
2.772555294 4.588611669 
1.442971083 5.518066877 
2.031804556 2.479667515 
0.776006039 4.150174981 
1.527735006 3.186860529 
0.201385298 2.212230011 
2.108807438 3.183091839 
0.461220315 2.633924047 
0.455561864 2.319747973 
1.079069911 6.278348898 
0.490560277 3.458931458 
1.392507448 3.237373601 
1.062853038 1.358011831 
2.212814729 3.285329385 
2.919979588 3.760519299 
0.884079468 0.820670042 
1.174172094 1.631859337 
0.819371690 6.158297882 
1.862784391 1.057477237 
2.884447925 5.835921940 
2.538284906 1.439833191 
1.205349870 2.870028707 
1.607628894 4.709349946 
2.039119021 2.784926798 
2.139906959 2.383932593 
2.414384723 0.034057890 
1.649480917 0.937937192 
2.040300771 5.469352181 
0.844821873 3.822326062 
2.201764528 5.490047070 
1.559654966 4.939656399 
3.004708206 2.068194785 
2.506472289 3.040120235 
1.793115315 2.922574873 
1.315032302 2.762934955 
1.763033375 1.427287538 
2.071061917 0.915596678 
1.578653751 5.562005017 
0.700284356 1.413965862 
0.527593232 1.100016213 
2.660128225 5.068196503 
1.867464336 2.107990705 
2.436122572 1.569329512 
1.673295956 2.988232736 
1.002742038 1.041858203 
2.989874832 5.363953759 
1.189248315 6.176532390 
1.671096390 2.434552039 
0.574166896 2.481568294 
1.366599683 3.368320260 
2.654580337 0.221996844 
2.320850262 5.604823055 
1.983119725 1.313596462 
2.507909782 4.004381860 
1.880241722 3.982590752 
2.425191909 1.028341677 
2.381173000 6.113334926 
1.564988999 2.769786589 
2.415744093 1.796741897 
1.417480971 2.154977203 
0.872683557 5.778881226 
0.939813645 5.915518555 
1.923467960 4.886480348 
2.010327226 3.957373337 
2.163785974 1.470963086 
1.895024642 2.266332548 
0.911426630 3.069656457 
2.777808095 2.457540978 
0.410032712 0.934935236 
2.897132467 0.584972905 
1.074506189 2.796609793 
0.697186113 2.590630390 
0.661471527 4.916836445 
1.061872740 5.967975778 
1.033708383 4.492919015 
1.801561103 2.778442916 
1.069941146 0.700586088 
2.236810798 4.361889105 
0.755826042 1.606786621 
1.386335455 1.169664855 
0.886263535 5.153638819 
1.690145447 4.141904631 
0.759350571 0.887704938 
1.602311360 0.184425528 
0.949726394 2.234045129 
2.262437638 0.725132042 
2.780266474 1.752307271 
1.675255219 6.114899988 
2.193897328 0.428550856 
1.177091641 2.425030938 
2.597975047 5.943063963 
0.407829751 3.216815733 
1.199594762 3.703776315 
2.543115021 1.699668743 
1.153501897 0.819131731 
1.927505778 1.182426957 
1.389291449 4.604464346 
1.612465083 4.488070179 
0.896464020 3.275966956 
2.088591423 5.064294956 
0.073690850 1.744914674 
0.431592653 5.483393284 
1.418050016 6.010594926 
2.270647632 2.444492805 
1.489113308 5.160499015 
2.521160615 5.730701796 
2.997209390 1.061720100 
1.839024362 5.660373011 
2.129258917 0.765092414 
0.421602320 1.831424094 
0.718359237 2.799154569 
1.543385114 4.376550093 
1.658698168 2.159011851 
2.508419466 6.150065771 
1.793563551 4.862620687 
0.299197868 5.425422546 
2.646744121 2.407807559 
0.971718686 5.658136433 
1.678065442 5.472159457 
1.654832509 1.179346257 
1.534928205 4.599154094 
1.795436072 3.866912535 
0.409770597 5.156264974 
0.754356045 4.500209097 
1.430729211 3.866039636 
2.198192109 3.608656177 
1.519996345 1.175105572 
0.832118678 5.621913510 
2.458836698 5.089220842 
1.786878661 2.355422257 
1.635415975 0.688211362 
1.138130121 1.088045028 
2.333127516 5.009247247 
1.112544954 4.619137048 
0.559308657 4.293033085 
2.164394401 4.509484600 
2.306037364 4.204426698 
0.535458067 5.276103352 
2.398755456 2.912295406 
0.697198812 4.696728643 
1.762415130 5.888364052 
2.101843791 4.362486092 
0.800886562 5.437059825 
1.203655626 0.443601019 
1.296914934 1.280993635 
1.780066646 3.069371533 
1.541522343 1.534789684 
2.394301184 0.676640549 
1.832182538 3.590721772 
0.762682106 1.963795494 
1.683067642 2.705295806 
1.884466121 3.155070138 
2.003755551 5.316263621 
1.347653011 1.404825043 
2.485531448 0.835050517 
1.169198600 5.434652139 
1.897929598 4.239795925 
2.448132930 5.550491419 
1.829305093 0.456423016 
2.076545151 0.332480523 
1.647542961 5.337722411 
2.130033699 5.366179792 
0.793534300 0.690226175 
1.740321923 3.356198609 
2.228262779 4.059283761 
1.400880002 1.525859117 
1.182806493 2.278435266 
1.941164096 0.103610500 
2.319334882 5.934442532 
2.677007808 3.430415336 
0.815418135 5.967340093 
1.064206455 6.125349856 
1.269985837 4.873313136 
0.768113205 5.048306684 
1.035844040 5.392618075 
1.331148609 3.634995760 
0.567449415 5.524463325 
1.958615193 4.102109966 
2.432758554 4.554722645 
2.411178763 3.851090507 
2.256950074 1.331904013 
1.790768095 1.181508328 
0.335904705 1.574388268 
2.297884251 1.494046537 
2.297465667 0.542918144 
2.048704712 3.807529556 
0.461813987 6.049028313 
1.949477887 0.541097466 
1.203289315 1.385189619 
2.536792412 0.110777380 
2.137355862 3.027048931 
0.645401189 4.101203660 
0.667636855 5.371749470 
2.853686614 5.303344502 
0.294072356 1.140289715 
2.160691452 5.909564297 
0.629180027 2.965786587 
1.707987408 0.820638407 
1.955761039 5.027862602 
1.474755782 4.264313895 
0.993773236 4.062940454 
2.361400145 4.704066855 
2.545955890 3.777754209 
1.967027213 4.364972758 
1.000966137 5.073497726 
2.092337060 4.082342534 
1.676895356 2.569767868 
0.172506069 0.864603423 
2.288557195 6.257220875 
1.111998724 5.693885180 
1.610847049 3.401919956 
0.907483908 4.189691819 
2.331759114 5.422879159 
1.436093260 2.697690763 
0.822330769 1.778971679 
0.973914639 1.479180478 
1.053986875 4.755209385 
1.247543103 4.370348903 
1.574450075 0.809188440 
1.058543929 2.336523387 
1.286948997 5.959694221 
3.005674565 0.034883923 
0.626220881 5.739822292 
1.456308346 1.646309550 
1.319083167 3.769105022 
1.908156079 5.421102318 
1.176755087 6.026352449 
2.052504582 0.023905628 
1.663981079 4.839050554 
2.782948451 3.937732604 
1.234850384 0.181168293 
0.425490555 4.258756563 
2.460071723 5.938943573 
0.231882735 0.234860276 
1.738599046 5.750111764 
0.877282481 0.231587494 
0.757404922 3.339229131 
1.153517357 5.858331566 
1.464891456 4.487961978 
0.971970228 3.549879843 
1.460082761 3.585897115 
1.853996871 5.136459273 
1.101226184 2.028301917 
1.041145825 4.223484369 
1.230486195 1.997331826 
0.630883501 2.005006447 
1.134617633 0.567658441 
0.932594966 5.498878024 
2.106988527 5.767265866 
1.276376608 5.830127960 
2.633512760 4.499299725 
1.541492372 2.241921791 
1.908417445 2.416264504 
1.619159111 4.031610141 
1.115228316 1.499331886 
1.682267731 2.844796362 
2.225646106 4.669894536 
2.246343059 3.131763039 
1.314211842 1.636992540 
1.338841757 0.081202358 
2.659485034 1.565027020 
1.264436112 4.133664576 
0.974517788 2.066559068 
1.475303635 4.027487738 
1.825198386 4.121973980 
1.757267786 4.487582938 
0.937063794 2.576218552 
2.001728957 1.052101953 
1.564971509 6.196020592 
2.738329114 5.952423694 
2.155225205 1.928170481 
1.783077140 6.029972085 
1.782453967 1.803699731 
1.547496027 6.061598228 
1.303626139 6.095617202 
1.470758626 0.122453563 
1.305856701 5.473540079 
0.533748169 0.819945425 
1.363302244 0.216518832 
0.327422540 2.055358541 
2.866521959 4.275971792 
2.195427420 5.647175763 
2.772900692 5.615156178 
1.428238033 2.565258532 
0.509988861 0.337635305 
2.323751827 3.525185133 
0.481770869 1.558928492 
2.541554239 0.367597825 
1.014333352 5.234142073 
2.308747895 3.714399930 
1.865150562 1.692646767 
1.376311737 0.927047469 
1.908872601 6.085922934 
2.534216875 1.938558673 
2.122692748 1.764871825 
0.608904963 3.619334341 
1.465493870 5.021994171 
1.683312952 4.600764775 
0.887006908 0.982452089 
1.253875986 3.285335045 
2.070699683 0.176572210 
1.154276932 1.249147566 
2.659390785 2.690006809 
